0.999848 0 -0.0174524,0 -1 0,-309.023 200 -514.3,0 0 0
0.999391 0 -0.0348995,0 -1 0,-317.952 200 -508.829,0 0 0
0.99863 0 -0.052336,0 -1 0,-326.783 200 -503.202,0 0 0
0.997564 0 -0.0697565,0 -1 0,-335.516 200 -497.423,0 0 0
0.996195 0 -0.0871557,0 -1 0,-344.146 200 -491.491,0 0 0
0.994522 0 -0.104528,0 -1 0,-352.671 200 -485.41,0 0 0
0.992546 0 -0.121869,0 -1 0,-361.089 200 -479.181,0 0 0
0.990268 0 -0.139173,0 -1 0,-369.397 200 -472.807,0 0 0
0.987689 0 -0.156434,0 -1 0,-377.592 200 -466.288,0 0 0
0.984808 0 -0.173648,0 -1 0,-385.673 200 -459.627,0 0 0
0.981627 0 -0.190809,0 -1 0,-393.635 200 -452.826,0 0 0
0.978148 0 -0.207912,0 -1 0,-401.478 200 -445.887,0 0 0
0.97437 0 -0.224951,0 -1 0,-409.199 200 -438.812,0 0 0
0.970296 0 -0.241922,0 -1 0,-416.795 200 -431.604,0 0 0
0.965926 0 -0.258819,0 -1 0,-424.264 200 -424.264,0 0 0
0.961262 0 -0.275637,0 -1 0,-431.604 200 -416.795,0 0 0
0.956305 0 -0.292372,0 -1 0,-438.812 200 -409.199,0 0 0
0.951057 0 -0.309017,0 -1 0,-445.887 200 -401.478,0 0 0
0.945519 0 -0.325568,0 -1 0,-452.826 200 -393.636,0 0 0
0.939693 0 -0.34202,0 -1 0,-459.627 200 -385.673,0 0 0
0.933581 0 -0.358368,0 -1 0,-466.288 200 -377.592,0 0 0
0.927184 0 -0.374607,0 -1 0,-472.807 200 -369.397,0 0 0
0.920505 0 -0.390731,0 -1 0,-479.181 200 -361.089,0 0 0
0.913546 0 -0.406737,0 -1 0,-485.41 200 -352.671,0 0 0
0.906308 0 -0.422618,0 -1 0,-491.491 200 -344.146,0 0 0
0.898795 0 -0.438371,0 -1 0,-497.423 200 -335.516,0 0 0
0.891007 0 -0.453991,0 -1 0,-503.203 200 -326.784,0 0 0
0.882948 0 -0.469472,0 -1 0,-508.829 200 -317.952,0 0 0
0.87462 0 -0.48481,0 -1 0,-514.301 200 -309.023,0 0 0
0.866026 0 -0.5,0 -1 0,-519.616 200 -300,0 0 0
0.87462 0 -0.48481,0 -1 0,-514.301 200 -309.023,0 0 0
0.882948 0 -0.469472,0 -1 0,-508.829 200 -317.952,0 0 0
0.891007 0 -0.453991,0 -1 0,-503.203 200 -326.784,0 0 0
0.898795 0 -0.438371,0 -1 0,-497.423 200 -335.516,0 0 0
0.906308 0 -0.422619,0 -1 0,-491.492 200 -344.146,0 0 0
0.913546 0 -0.406737,0 -1 0,-485.411 200 -352.671,0 0 0
0.920505 0 -0.390731,0 -1 0,-479.182 200 -361.089,0 0 0
0.927184 0 -0.374607,0 -1 0,-472.807 200 -369.397,0 0 0
0.933581 0 -0.358368,0 -1 0,-466.288 200 -377.592,0 0 0
0.939693 0 -0.34202,0 -1 0,-459.627 200 -385.673,0 0 0
0.945519 0 -0.325568,0 -1 0,-452.826 200 -393.636,0 0 0
0.951057 0 -0.309017,0 -1 0,-445.887 200 -401.479,0 0 0
0.956305 0 -0.292372,0 -1 0,-438.813 200 -409.199,0 0 0
0.961262 0 -0.275638,0 -1 0,-431.604 200 -416.795,0 0 0
0.965927 0 -0.258819,0 -1 0,-424.264 200 -424.264,0 0 0
0.970296 0 -0.241922,0 -1 0,-416.795 200 -431.604,0 0 0
0.974371 0 -0.224951,0 -1 0,-409.199 200 -438.813,0 0 0
0.978148 0 -0.207912,0 -1 0,-401.479 200 -445.887,0 0 0
0.981628 0 -0.190809,0 -1 0,-393.636 200 -452.826,0 0 0
0.984808 0 -0.173648,0 -1 0,-385.673 200 -459.627,0 0 0
0.987689 0 -0.156435,0 -1 0,-377.593 200 -466.288,0 0 0
0.990269 0 -0.139173,0 -1 0,-369.397 200 -472.807,0 0 0
0.992547 0 -0.121869,0 -1 0,-361.089 200 -479.182,0 0 0
0.994523 0 -0.104529,0 -1 0,-352.672 200 -485.411,0 0 0
0.996195 0 -0.0871558,0 -1 0,-344.146 200 -491.492,0 0 0
0.997565 0 -0.0697565,0 -1 0,-335.516 200 -497.423,0 0 0
0.99863 0 -0.052336,0 -1 0,-326.784 200 -503.203,0 0 0
0.999392 0 -0.0348995,0 -1 0,-317.952 200 -508.829,0 0 0
0.999848 0 -0.0174524,0 -1 0,-309.023 200 -514.301,0 0 0
1 0 -1.11759e-08,0 -1 0,-300 200 -519.616,0 0 0
1 0 -1.11759e-08,-1.95046e-10 -0.999848 -0.0174524,-300 209.038 -516.046,0 0 0
1 0 -1.11759e-08,-3.90032e-10 -0.999391 -0.0348995,-300 218.012 -512.319,0 0 0
1 0 -1.11759e-08,-5.84899e-10 -0.99863 -0.052336,-300 226.921 -508.436,0 0 0
1 0 -1.11759e-08,-7.79589e-10 -0.997564 -0.0697565,-300 235.759 -504.399,0 0 0
1 0 -1.11759e-08,-9.74041e-10 -0.996195 -0.0871557,-300 244.526 -500.207,0 0 0
1 0 -1.11759e-08,-1.1682e-09 -0.994522 -0.104528,-300 253.219 -495.864,0 0 0
1 0 -1.11759e-08,-1.362e-09 -0.992546 -0.121869,-300 261.835 -491.369,0 0 0
1 0 -1.11759e-08,-1.55538e-09 -0.990268 -0.139173,-300 270.37 -486.724,0 0 0
1 0 -1.11759e-08,-1.74829e-09 -0.987689 -0.156434,-300 278.824 -481.932,0 0 0
1 0 -1.11759e-08,-1.94067e-09 -0.984808 -0.173648,-300 287.192 -476.992,0 0 0
1 0 -1.11759e-08,-2.13246e-09 -0.981627 -0.190809,-300 295.473 -471.907,0 0 0
1 0 -1.11759e-08,-2.32359e-09 -0.978148 -0.207912,-300 303.664 -466.679,0 0 0
1 0 -1.11759e-08,-2.51402e-09 -0.97437 -0.224951,-300 311.762 -461.308,0 0 0
1 0 -1.11759e-08,-2.70369e-09 -0.970296 -0.241922,-300 319.766 -455.797,0 0 0
1 0 -1.11759e-08,-2.89253e-09 -0.965926 -0.258819,-300 327.672 -450.147,0 0 0
1 0 -1.11759e-08,-3.08049e-09 -0.961262 -0.275637,-300 335.478 -444.359,0 0 0
1 0 -1.11759e-08,-3.26751e-09 -0.956305 -0.292372,-300 343.182 -438.437,0 0 0
1 0 -1.11759e-08,-3.45353e-09 -0.951057 -0.309017,-300 350.781 -432.381,0 0 0
1 0 -1.11759e-08,-3.63851e-09 -0.945519 -0.325568,-300 358.274 -426.193,0 0 0
1 0 -1.11759e-08,-3.82237e-09 -0.939693 -0.34202,-300 365.658 -419.875,0 0 0
1 0 -1.11759e-08,-4.00507e-09 -0.933581 -0.358368,-300 372.93 -413.43,0 0 0
1 0 -1.11759e-08,-4.18655e-09 -0.927184 -0.374607,-300 380.088 -406.858,0 0 0
1 0 -1.11759e-08,-4.36676e-09 -0.920505 -0.390731,-300 387.131 -400.163,0 0 0
1 0 -1.11759e-08,-4.54563e-09 -0.913546 -0.406737,-300 394.056 -393.346,0 0 0
1 0 -1.11759e-08,-4.72313e-09 -0.906308 -0.422618,-300 400.861 -386.408,0 0 0
1 0 -1.11759e-08,-4.89918e-09 -0.898795 -0.438371,-300 407.543 -379.354,0 0 0
1 0 -1.11759e-08,-5.07374e-09 -0.891007 -0.453991,-300 414.102 -372.183,0 0 0
1 0 -1.11759e-08,-5.24675e-09 -0.882948 -0.469472,-300 420.534 -364.899,0 0 0
1 0 -1.11759e-08,-5.41817e-09 -0.87462 -0.48481,-300 426.839 -357.505,0 0 0
1 0 -1.11759e-08,-5.58793e-09 -0.866026 -0.5,-300 433.013 -350.001,0 0 0
1 0 -1.11759e-08,-5.41817e-09 -0.87462 -0.48481,-300 426.839 -357.505,0 0 0
1 0 -1.11759e-08,-5.24675e-09 -0.882948 -0.469472,-300 420.534 -364.9,0 0 0
1 0 -1.11759e-08,-5.07374e-09 -0.891007 -0.453991,-300 414.102 -372.183,0 0 0
1 0 -1.11759e-08,-4.89918e-09 -0.898795 -0.438371,-300 407.543 -379.354,0 0 0
1 0 -1.11759e-08,-4.72313e-09 -0.906308 -0.422619,-300 400.861 -386.409,0 0 0
1 0 -1.11759e-08,-4.54564e-09 -0.913546 -0.406737,-300 394.056 -393.346,0 0 0
1 0 -1.11759e-08,-4.36676e-09 -0.920505 -0.390731,-300 387.131 -400.163,0 0 0
1 0 -1.11759e-08,-4.18655e-09 -0.927184 -0.374607,-300 380.088 -406.858,0 0 0
1 0 -1.11759e-08,-4.00507e-09 -0.933581 -0.358368,-300 372.93 -413.43,0 0 0
1 0 -1.11759e-08,-3.82237e-09 -0.939693 -0.34202,-300 365.658 -419.875,0 0 0
1 0 -1.11759e-08,-3.63851e-09 -0.945519 -0.325568,-300 358.274 -426.193,0 0 0
1 0 -1.11759e-08,-3.45353e-09 -0.951057 -0.309017,-300 350.782 -432.381,0 0 0
1 0 -1.11759e-08,-3.26751e-09 -0.956305 -0.292372,-300 343.182 -438.437,0 0 0
1 0 -1.11759e-08,-3.08049e-09 -0.961262 -0.275638,-300 335.478 -444.36,0 0 0
1 0 -1.11759e-08,-2.89253e-09 -0.965927 -0.258819,-300 327.672 -450.147,0 0 0
1 0 -1.11759e-08,-2.70369e-09 -0.970296 -0.241922,-300 319.766 -455.797,0 0 0
1 0 -1.11759e-08,-2.51402e-09 -0.974371 -0.224951,-300 311.762 -461.308,0 0 0
1 0 -1.11759e-08,-2.32359e-09 -0.978148 -0.207912,-300 303.664 -466.679,0 0 0
1 0 -1.11759e-08,-2.13246e-09 -0.981628 -0.190809,-300 295.473 -471.908,0 0 0
1 0 -1.11759e-08,-1.94067e-09 -0.984808 -0.173648,-300 287.192 -476.992,0 0 0
1 0 -1.11759e-08,-1.74829e-09 -0.987689 -0.156435,-300 278.824 -481.932,0 0 0
1 0 -1.11759e-08,-1.55538e-09 -0.990269 -0.139173,-300 270.37 -486.725,0 0 0
1 0 -1.11759e-08,-1.362e-09 -0.992547 -0.121869,-300 261.835 -491.369,0 0 0
1 0 -1.11759e-08,-1.1682e-09 -0.994523 -0.104529,-300 253.219 -495.864,0 0 0
1 0 -1.11759e-08,-9.74041e-10 -0.996195 -0.0871558,-300 244.527 -500.208,0 0 0
1 0 -1.11759e-08,-7.79589e-10 -0.997565 -0.0697565,-300 235.759 -504.399,0 0 0
1 0 -1.11759e-08,-5.849e-10 -0.99863 -0.052336,-300 226.921 -508.437,0 0 0
1 0 -1.11759e-08,-3.90032e-10 -0.999392 -0.0348995,-300 218.013 -512.32,0 0 0
1 0 -1.11759e-08,-1.95046e-10 -0.999848 -0.0174524,-300 209.038 -516.047,0 0 0
1 0 -1.11759e-08,-1.249e-16 -1 -1.11759e-08,-300 200 -519.616,0 0 0
1 0 -1.11759e-08,-1.249e-16 -1 -1.11759e-08,-300 200 -519.616,1 0 -1.11759e-08
1 0 -1.11759e-08,-1.249e-16 -1 -1.11759e-08,-300 200 -519.616,2 0 -2.23517e-08
1 0 -1.11759e-08,-1.249e-16 -1 -1.11759e-08,-300 200 -519.616,3 0 -3.35276e-08
1 0 -1.11759e-08,-1.249e-16 -1 -1.11759e-08,-300 200 -519.616,4 0 -4.47034e-08
1 0 -1.11759e-08,-1.249e-16 -1 -1.11759e-08,-300 200 -519.616,5 0 -5.58793e-08
1 0 -1.11759e-08,-1.249e-16 -1 -1.11759e-08,-300 200 -519.616,6 0 -6.70552e-08
1 0 -1.11759e-08,-1.249e-16 -1 -1.11759e-08,-300 200 -519.616,7 0 -7.8231e-08
1 0 -1.11759e-08,-1.249e-16 -1 -1.11759e-08,-300 200 -519.616,8 0 -8.94069e-08
1 0 -1.11759e-08,-1.249e-16 -1 -1.11759e-08,-300 200 -519.616,9 0 -1.00583e-07
1 0 -1.11759e-08,-1.249e-16 -1 -1.11759e-08,-300 200 -519.616,10 0 -1.11759e-07
1 0 -1.11759e-08,-1.249e-16 -1 -1.11759e-08,-300 200 -519.616,11 0 -1.22934e-07
1 0 -1.11759e-08,-1.249e-16 -1 -1.11759e-08,-300 200 -519.616,12 0 -1.3411e-07
1 0 -1.11759e-08,-1.249e-16 -1 -1.11759e-08,-300 200 -519.616,13 0 -1.45286e-07
1 0 -1.11759e-08,-1.249e-16 -1 -1.11759e-08,-300 200 -519.616,14 0 -1.56462e-07
1 0 -1.11759e-08,-1.249e-16 -1 -1.11759e-08,-300 200 -519.616,15 0 -1.67638e-07
1 0 -1.11759e-08,-1.249e-16 -1 -1.11759e-08,-300 200 -519.616,16 0 -1.78814e-07
1 0 -1.11759e-08,-1.249e-16 -1 -1.11759e-08,-300 200 -519.616,17 0 -1.8999e-07
1 0 -1.11759e-08,-1.249e-16 -1 -1.11759e-08,-300 200 -519.616,18 0 -2.01165e-07
1 0 -1.11759e-08,-1.249e-16 -1 -1.11759e-08,-300 200 -519.616,19 0 -2.12341e-07
1 0 -1.11759e-08,-1.249e-16 -1 -1.11759e-08,-300 200 -519.616,20 0 -2.23517e-07
1 0 -1.11759e-08,-1.249e-16 -1 -1.11759e-08,-300 200 -519.616,21 0 -2.34693e-07
1 0 -1.11759e-08,-1.249e-16 -1 -1.11759e-08,-300 200 -519.616,22 0 -2.45869e-07
1 0 -1.11759e-08,-1.249e-16 -1 -1.11759e-08,-300 200 -519.616,23 0 -2.57045e-07
1 0 -1.11759e-08,-1.249e-16 -1 -1.11759e-08,-300 200 -519.616,24 0 -2.68221e-07
1 0 -1.11759e-08,-1.249e-16 -1 -1.11759e-08,-300 200 -519.616,25 0 -2.79397e-07
1 0 -1.11759e-08,-1.249e-16 -1 -1.11759e-08,-300 200 -519.616,26 0 -2.90572e-07
1 0 -1.11759e-08,-1.249e-16 -1 -1.11759e-08,-300 200 -519.616,27 0 -3.01748e-07
1 0 -1.11759e-08,-1.249e-16 -1 -1.11759e-08,-300 200 -519.616,28 0 -3.12924e-07
1 0 -1.11759e-08,-1.249e-16 -1 -1.11759e-08,-300 200 -519.616,29 0 -3.241e-07
1 0 -1.11759e-08,-1.249e-16 -1 -1.11759e-08,-300 200 -519.616,30 0 -3.35276e-07
0.999849 -0.0174524 -1.13692e-08,-0.0174551 -0.999849 -1.09791e-08,-296.464 205.205 -519.616,30 0 -3.35276e-07
0.999392 -0.0348995 -1.15591e-08,-0.0349048 -0.999392 -1.0779e-08,-292.838 210.348 -519.616,30 0 -3.35276e-07
0.99863 -0.052336 -1.17455e-08,-0.0523387 -0.99863 -1.05756e-08,-289.122 215.427 -519.616,30 0 -3.35276e-07
0.997565 -0.0697565 -1.19282e-08,-0.0697565 -0.997565 -1.03691e-08,-285.318 220.44 -519.616,30 0 -3.35276e-07
0.996196 -0.0871558 -1.21074e-08,-0.0871532 -0.996195 -1.01593e-08,-281.428 225.386 -519.616,30 0 -3.35276e-07
0.994523 -0.104529 -1.22828e-08,-0.104529 -0.994523 -9.94645e-09,-277.451 230.263 -519.616,30 0 -3.35276e-07
0.992547 -0.121869 -1.24546e-08,-0.121867 -0.992547 -9.7306e-09,-273.39 235.07 -519.616,30 0 -3.35276e-07
0.990269 -0.139173 -1.26225e-08,-0.139168 -0.990268 -9.51178e-09,-269.246 239.806 -519.616,30 0 -3.35276e-07
0.987689 -0.156435 -1.27866e-08,-0.156427 -0.987688 -9.29006e-09,-265.02 244.468 -519.616,30 0 -3.35276e-07
0.984809 -0.173648 -1.29468e-08,-0.173638 -0.984807 -9.06552e-09,-260.713 249.056 -519.616,30 0 -3.35276e-07
0.981628 -0.190809 -1.3103e-08,-0.190796 -0.981627 -8.83821e-09,-256.327 253.568 -519.616,30 0 -3.35276e-07
0.978149 -0.207912 -1.32552e-08,-0.207896 -0.978147 -8.60821e-09,-251.862 258.003 -519.616,30 0 -3.35276e-07
0.974371 -0.224951 -1.34035e-08,-0.224933 -0.974369 -8.3756e-09,-247.321 262.36 -519.616,30 0 -3.35276e-07
0.970297 -0.241922 -1.35476e-08,-0.241901 -0.970295 -8.14042e-09,-242.705 266.636 -519.616,30 0 -3.35276e-07
0.965927 -0.258819 -1.36876e-08,-0.258796 -0.965924 -7.90277e-09,-238.014 270.831 -519.616,30 0 -3.35276e-07
0.961263 -0.275638 -1.38234e-08,-0.275611 -0.96126 -7.66271e-09,-233.251 274.944 -519.616,30 0 -3.35276e-07
0.956306 -0.292372 -1.39551e-08,-0.292343 -0.956303 -7.42032e-09,-228.417 278.973 -519.616,30 0 -3.35276e-07
0.951058 -0.309017 -1.40824e-08,-0.308986 -0.951055 -7.17567e-09,-223.514 282.917 -519.616,30 0 -3.35276e-07
0.94552 -0.325569 -1.42055e-08,-0.325534 -0.945516 -6.92883e-09,-218.542 286.774 -519.616,30 0 -3.35276e-07
0.939694 -0.342021 -1.43243e-08,-0.341984 -0.93969 -6.67988e-09,-213.504 290.545 -519.616,30 0 -3.35276e-07
0.933582 -0.358368 -1.44387e-08,-0.358329 -0.933578 -6.42889e-09,-208.401 294.227 -519.616,30 0 -3.35276e-07
0.927185 -0.374607 -1.45486e-08,-0.374565 -0.927181 -6.17595e-09,-203.234 297.819 -519.616,30 0 -3.35276e-07
0.920506 -0.390732 -1.46542e-08,-0.390687 -0.920502 -5.92113e-09,-198.006 301.321 -519.616,30 0 -3.35276e-07
0.913547 -0.406737 -1.47553e-08,-0.40669 -0.913542 -5.6645e-09,-192.717 304.73 -519.616,30 0 -3.35276e-07
0.906309 -0.422619 -1.48519e-08,-0.422569 -0.906304 -5.40615e-09,-187.369 308.047 -519.616,30 0 -3.35276e-07
0.898795 -0.438372 -1.4944e-08,-0.43832 -0.89879 -5.14615e-09,-181.964 311.271 -519.616,30 0 -3.35276e-07
0.891008 -0.453991 -1.50315e-08,-0.453937 -0.891002 -4.88458e-09,-176.504 314.399 -519.616,30 0 -3.35276e-07
0.882949 -0.469472 -1.51145e-08,-0.469415 -0.882943 -4.62152e-09,-170.99 317.431 -519.616,30 0 -3.35276e-07
0.874621 -0.48481 -1.51928e-08,-0.484751 -0.874615 -4.35706e-09,-165.424 320.367 -519.616,30 0 -3.35276e-07
0.866027 -0.500001 -1.52665e-08,-0.499939 -0.866021 -4.09127e-09,-159.808 323.205 -519.616,30 0 -3.35276e-07
0.874621 -0.48481 -1.51928e-08,-0.484751 -0.874615 -4.35706e-09,-165.424 320.367 -519.616,30 0 -3.35276e-07
0.882949 -0.469472 -1.51145e-08,-0.469415 -0.882943 -4.62152e-09,-170.99 317.431 -519.616,30 0 -3.35276e-07
0.891008 -0.453991 -1.50315e-08,-0.453937 -0.891002 -4.88458e-09,-176.504 314.399 -519.616,30 0 -3.35276e-07
0.898796 -0.438372 -1.4944e-08,-0.43832 -0.89879 -5.14614e-09,-181.964 311.271 -519.616,30 0 -3.35276e-07
0.906309 -0.422619 -1.48519e-08,-0.422569 -0.906304 -5.40614e-09,-187.369 308.047 -519.616,30 0 -3.35276e-07
0.913547 -0.406737 -1.47553e-08,-0.40669 -0.913542 -5.6645e-09,-192.717 304.73 -519.616,30 0 -3.35276e-07
0.920506 -0.390732 -1.46542e-08,-0.390687 -0.920502 -5.92113e-09,-198.006 301.321 -519.616,30 0 -3.35276e-07
0.927185 -0.374607 -1.45487e-08,-0.374565 -0.927181 -6.17595e-09,-203.234 297.819 -519.616,30 0 -3.35276e-07
0.933582 -0.358368 -1.44387e-08,-0.358329 -0.933578 -6.42889e-09,-208.401 294.227 -519.616,30 0 -3.35276e-07
0.939694 -0.342021 -1.43243e-08,-0.341984 -0.939691 -6.67988e-09,-213.504 290.545 -519.616,30 0 -3.35276e-07
0.94552 -0.325569 -1.42055e-08,-0.325534 -0.945517 -6.92883e-09,-218.542 286.775 -519.616,30 0 -3.35276e-07
0.951058 -0.309017 -1.40824e-08,-0.308986 -0.951055 -7.17567e-09,-223.514 282.917 -519.616,30 0 -3.35276e-07
0.956306 -0.292372 -1.39551e-08,-0.292343 -0.956304 -7.42032e-09,-228.418 278.973 -519.616,30 0 -3.35276e-07
0.961263 -0.275638 -1.38234e-08,-0.275611 -0.961261 -7.66272e-09,-233.251 274.944 -519.616,30 0 -3.35276e-07
0.965928 -0.258819 -1.36876e-08,-0.258795 -0.965926 -7.90278e-09,-238.014 270.831 -519.616,30 0 -3.35276e-07
0.970298 -0.241922 -1.35476e-08,-0.241901 -0.970296 -8.14043e-09,-242.705 266.636 -519.616,30 0 -3.35276e-07
0.974372 -0.224951 -1.34035e-08,-0.224932 -0.97437 -8.3756e-09,-247.321 262.36 -519.616,30 0 -3.35276e-07
0.978149 -0.207912 -1.32553e-08,-0.207896 -0.978148 -8.60822e-09,-251.862 258.003 -519.616,30 0 -3.35276e-07
0.981629 -0.190809 -1.3103e-08,-0.190796 -0.981628 -8.83822e-09,-256.327 253.568 -519.616,30 0 -3.35276e-07
0.98481 -0.173648 -1.29468e-08,-0.173637 -0.984809 -9.06553e-09,-260.713 249.056 -519.616,30 0 -3.35276e-07
0.98769 -0.156435 -1.27866e-08,-0.156426 -0.98769 -9.29007e-09,-265.02 244.468 -519.616,30 0 -3.35276e-07
0.99027 -0.139173 -1.26225e-08,-0.139167 -0.99027 -9.51179e-09,-269.246 239.806 -519.616,30 0 -3.35276e-07
0.992548 -0.12187 -1.24546e-08,-0.121866 -0.992548 -9.73061e-09,-273.391 235.07 -519.616,30 0 -3.35276e-07
0.994524 -0.104529 -1.22829e-08,-0.104528 -0.994524 -9.94646e-09,-277.451 230.263 -519.616,30 0 -3.35276e-07
0.996197 -0.0871559 -1.21074e-08,-0.0871579 -0.996198 -1.01593e-08,-281.428 225.386 -519.616,30 0 -3.35276e-07
0.997566 -0.0697566 -1.19283e-08,-0.0697612 -0.997567 -1.0369e-08,-285.318 220.44 -519.616,30 0 -3.35276e-07
0.998632 -0.052336 -1.17455e-08,-0.0523433 -0.998633 -1.05756e-08,-289.122 215.427 -519.616,30 0 -3.35276e-07
0.999393 -0.0348995 -1.15591e-08,-0.0349094 -0.999394 -1.07789e-08,-292.838 210.348 -519.616,30 0 -3.35276e-07
0.99985 -0.0174524 -1.13692e-08,-0.0174649 -0.999852 -1.0979e-08,-296.464 205.206 -519.616,30 0 -3.35276e-07
1 5.02914e-08 -1.11759e-08,-1.51177e-05 -1 -1.11757e-08,-300.001 200 -519.616,30 0 -3.35276e-07
1 5.02914e-08 -1.11759e-08,-1.51177e-05 -1 -1.11757e-08,-299.998 199.996 -524.812,30 0 -3.35276e-07
1 5.02914e-08 -1.11759e-08,-1.51177e-05 -1 -1.11757e-08,-299.995 199.991 -530.061,30 0 -3.35276e-07
1 5.02914e-08 -1.11759e-08,-1.51177e-05 -1 -1.11757e-08,-299.992 199.987 -535.361,30 0 -3.35276e-07
1 5.02914e-08 -1.11759e-08,-1.51177e-05 -1 -1.11757e-08,-299.989 199.982 -540.715,30 0 -3.35276e-07
1 5.02914e-08 -1.11759e-08,-1.51177e-05 -1 -1.11757e-08,-299.986 199.978 -546.122,30 0 -3.35276e-07
1 5.02914e-08 -1.11759e-08,-1.51177e-05 -1 -1.11757e-08,-299.982 199.973 -551.583,30 0 -3.35276e-07
1 5.02914e-08 -1.11759e-08,-1.51177e-05 -1 -1.11757e-08,-299.979 199.968 -557.099,30 0 -3.35276e-07
1 5.02914e-08 -1.11759e-08,-1.51177e-05 -1 -1.11757e-08,-299.976 199.964 -562.67,30 0 -3.35276e-07
1 5.02914e-08 -1.11759e-08,-1.51177e-05 -1 -1.11757e-08,-299.973 199.959 -568.297,30 0 -3.35276e-07
1 5.02914e-08 -1.11759e-08,-1.51177e-05 -1 -1.11757e-08,-299.97 199.955 -573.98,30 0 -3.35276e-07
1 5.02914e-08 -1.11759e-08,-1.51177e-05 -1 -1.11757e-08,-299.967 199.95 -579.719,30 0 -3.35276e-07
1 5.02914e-08 -1.11759e-08,-1.51177e-05 -1 -1.11757e-08,-299.964 199.946 -585.517,30 0 -3.35276e-07
1 5.02914e-08 -1.11759e-08,-1.51177e-05 -1 -1.11757e-08,-299.961 199.941 -591.372,30 0 -3.35276e-07
1 5.02914e-08 -1.11759e-08,-1.51177e-05 -1 -1.11757e-08,-299.958 199.937 -597.286,30 0 -3.35276e-07
1 5.02914e-08 -1.11759e-08,-1.51177e-05 -1 -1.11757e-08,-299.955 199.932 -603.258,30 0 -3.35276e-07
1 5.02914e-08 -1.11759e-08,-1.51177e-05 -1 -1.11757e-08,-299.952 199.928 -609.291,30 0 -3.35276e-07
1 5.02914e-08 -1.11759e-08,-1.51177e-05 -1 -1.11757e-08,-299.949 199.923 -615.384,30 0 -3.35276e-07
1 5.02914e-08 -1.11759e-08,-1.51177e-05 -1 -1.11757e-08,-299.946 199.918 -621.538,30 0 -3.35276e-07
1 5.02914e-08 -1.11759e-08,-1.51177e-05 -1 -1.11757e-08,-299.943 199.914 -627.753,30 0 -3.35276e-07
1 5.02914e-08 -1.11759e-08,-1.51177e-05 -1 -1.11757e-08,-299.94 199.909 -634.031,30 0 -3.35276e-07
1 5.02914e-08 -1.11759e-08,-1.51177e-05 -1 -1.11757e-08,-299.937 199.905 -640.371,30 0 -3.35276e-07
1 5.02914e-08 -1.11759e-08,-1.51177e-05 -1 -1.11757e-08,-299.934 199.9 -646.775,30 0 -3.35276e-07
1 5.02914e-08 -1.11759e-08,-1.51177e-05 -1 -1.11757e-08,-299.931 199.896 -653.242,30 0 -3.35276e-07
1 5.02914e-08 -1.11759e-08,-1.51177e-05 -1 -1.11757e-08,-299.928 199.891 -659.775,30 0 -3.35276e-07
1 5.02914e-08 -1.11759e-08,-1.51177e-05 -1 -1.11757e-08,-299.925 199.887 -666.372,30 0 -3.35276e-07
1 5.02914e-08 -1.11759e-08,-1.51177e-05 -1 -1.11757e-08,-299.922 199.882 -673.036,30 0 -3.35276e-07
1 5.02914e-08 -1.11759e-08,-1.51177e-05 -1 -1.11757e-08,-299.919 199.878 -679.766,30 0 -3.35276e-07
1 5.02914e-08 -1.11759e-08,-1.51177e-05 -1 -1.11757e-08,-299.916 199.873 -686.564,30 0 -3.35276e-07
1 5.02914e-08 -1.11759e-08,-1.51177e-05 -1 -1.11757e-08,-299.913 199.868 -693.43,30 0 -3.35276e-07
1 5.02914e-08 -1.11759e-08,-1.51177e-05 -1 -1.11757e-08,-299.91 199.864 -700.364,30 0 -3.35276e-07
1 5.02914e-08 -1.11759e-08,-1.51177e-05 -1 -1.11757e-08,-299.91 199.864 -700.364,30 -1.11758e-08 1
1 5.02914e-08 -1.11759e-08,-1.51177e-05 -1 -1.11757e-08,-299.91 199.864 -700.364,30 -2.23517e-08 2
1 5.02914e-08 -1.11759e-08,-1.51177e-05 -1 -1.11757e-08,-299.91 199.864 -700.364,30 -3.35275e-08 3
1 5.02914e-08 -1.11759e-08,-1.51177e-05 -1 -1.11757e-08,-299.91 199.864 -700.364,30 -4.47034e-08 4
1 5.02914e-08 -1.11759e-08,-1.51177e-05 -1 -1.11757e-08,-299.91 199.864 -700.364,30 -5.58792e-08 5
1 5.02914e-08 -1.11759e-08,-1.51177e-05 -1 -1.11757e-08,-299.91 199.864 -700.364,30 -6.70551e-08 6
1 5.02914e-08 -1.11759e-08,-1.51177e-05 -1 -1.11757e-08,-299.91 199.864 -700.364,30 -7.82309e-08 7
1 5.02914e-08 -1.11759e-08,-1.51177e-05 -1 -1.11757e-08,-299.91 199.864 -700.364,30 -8.94067e-08 8
1 5.02914e-08 -1.11759e-08,-1.51177e-05 -1 -1.11757e-08,-299.91 199.864 -700.364,30 -1.00583e-07 9
1 5.02914e-08 -1.11759e-08,-1.51177e-05 -1 -1.11757e-08,-299.91 199.864 -700.364,30 -1.11758e-07 10
1 5.02914e-08 -1.11759e-08,-1.51177e-05 -1 -1.11757e-08,-299.91 199.864 -700.364,30 -1.22934e-07 11
1 5.02914e-08 -1.11759e-08,-1.51177e-05 -1 -1.11757e-08,-299.91 199.864 -700.364,30 -1.3411e-07 12
1 5.02914e-08 -1.11759e-08,-1.51177e-05 -1 -1.11757e-08,-299.91 199.864 -700.364,30 -1.45286e-07 13
1 5.02914e-08 -1.11759e-08,-1.51177e-05 -1 -1.11757e-08,-299.91 199.864 -700.364,30 -1.56462e-07 14
1 5.02914e-08 -1.11759e-08,-1.51177e-05 -1 -1.11757e-08,-299.91 199.864 -700.364,30 -1.67638e-07 15
1 5.02914e-08 -1.11759e-08,-1.51177e-05 -1 -1.11757e-08,-299.91 199.864 -700.364,30 -1.78813e-07 16
1 5.02914e-08 -1.11759e-08,-1.51177e-05 -1 -1.11757e-08,-299.91 199.864 -700.364,30 -1.89989e-07 17
1 5.02914e-08 -1.11759e-08,-1.51177e-05 -1 -1.11757e-08,-299.91 199.864 -700.364,30 -2.01165e-07 18
1 5.02914e-08 -1.11759e-08,-1.51177e-05 -1 -1.11757e-08,-299.91 199.864 -700.364,30 -2.12341e-07 19
1 5.02914e-08 -1.11759e-08,-1.51177e-05 -1 -1.11757e-08,-299.91 199.864 -700.364,30 -2.23517e-07 20
1 5.02914e-08 -1.11759e-08,-1.51177e-05 -1 -1.11757e-08,-299.91 199.864 -700.364,30 -2.34693e-07 21
1 5.02914e-08 -1.11759e-08,-1.51177e-05 -1 -1.11757e-08,-299.91 199.864 -700.364,30 -2.45869e-07 22
1 5.02914e-08 -1.11759e-08,-1.51177e-05 -1 -1.11757e-08,-299.91 199.864 -700.364,30 -2.57044e-07 23
1 5.02914e-08 -1.11759e-08,-1.51177e-05 -1 -1.11757e-08,-299.91 199.864 -700.364,30 -2.6822e-07 24
1 5.02914e-08 -1.11759e-08,-1.51177e-05 -1 -1.11757e-08,-299.91 199.864 -700.364,30 -2.79396e-07 25
1 5.02914e-08 -1.11759e-08,-1.51177e-05 -1 -1.11757e-08,-299.91 199.864 -700.364,30 -2.90572e-07 26
1 5.02914e-08 -1.11759e-08,-1.51177e-05 -1 -1.11757e-08,-299.91 199.864 -700.364,30 -3.01748e-07 27
1 5.02914e-08 -1.11759e-08,-1.51177e-05 -1 -1.11757e-08,-299.91 199.864 -700.364,30 -3.12924e-07 28
1 5.02914e-08 -1.11759e-08,-1.51177e-05 -1 -1.11757e-08,-299.91 199.864 -700.364,30 -3.24099e-07 29
1 5.02914e-08 -1.11759e-08,-1.51177e-05 -1 -1.11757e-08,-299.91 199.864 -700.364,30 -3.35275e-07 30
1 5.02914e-08 -1.11759e-08,-1.51177e-05 -1 -1.11757e-08,-299.91 199.864 -700.364,30 -1 30
1 5.02914e-08 -1.11759e-08,-1.51177e-05 -1 -1.11757e-08,-299.91 199.864 -700.364,30 -2 30
1 5.02914e-08 -1.11759e-08,-1.51177e-05 -1 -1.11757e-08,-299.91 199.864 -700.364,30 -3 30
1 5.02914e-08 -1.11759e-08,-1.51177e-05 -1 -1.11757e-08,-299.91 199.864 -700.364,29.9999 -4 30
1 5.02914e-08 -1.11759e-08,-1.51177e-05 -1 -1.11757e-08,-299.91 199.864 -700.364,29.9999 -5 30
1 5.02914e-08 -1.11759e-08,-1.51177e-05 -1 -1.11757e-08,-299.91 199.864 -700.364,29.9999 -6 30
1 5.02914e-08 -1.11759e-08,-1.51177e-05 -1 -1.11757e-08,-299.91 199.864 -700.364,29.9999 -7 30
1 5.02914e-08 -1.11759e-08,-1.51177e-05 -1 -1.11757e-08,-299.91 199.864 -700.364,29.9999 -8 30
1 5.02914e-08 -1.11759e-08,-1.51177e-05 -1 -1.11757e-08,-299.91 199.864 -700.364,29.9999 -9 30
1 5.02914e-08 -1.11759e-08,-1.51177e-05 -1 -1.11757e-08,-299.91 199.864 -700.364,29.9998 -10 30
1 5.02914e-08 -1.11759e-08,-1.51177e-05 -1 -1.11757e-08,-299.91 199.864 -700.364,29.9998 -11 30
1 5.02914e-08 -1.11759e-08,-1.51177e-05 -1 -1.11757e-08,-299.91 199.864 -700.364,29.9998 -12 30
1 5.02914e-08 -1.11759e-08,-1.51177e-05 -1 -1.11757e-08,-299.91 199.864 -700.364,29.9998 -13 30
1 5.02914e-08 -1.11759e-08,-1.51177e-05 -1 -1.11757e-08,-299.91 199.864 -700.364,29.9998 -14 30
1 5.02914e-08 -1.11759e-08,-1.51177e-05 -1 -1.11757e-08,-299.91 199.864 -700.364,29.9998 -15 30
1 5.02914e-08 -1.11759e-08,-1.51177e-05 -1 -1.11757e-08,-299.91 199.864 -700.364,29.9998 -16 30
1 5.02914e-08 -1.11759e-08,-1.51177e-05 -1 -1.11757e-08,-299.91 199.864 -700.364,29.9997 -17 30
1 5.02914e-08 -1.11759e-08,-1.51177e-05 -1 -1.11757e-08,-299.91 199.864 -700.364,29.9997 -18 30
1 5.02914e-08 -1.11759e-08,-1.51177e-05 -1 -1.11757e-08,-299.91 199.864 -700.364,29.9997 -19 30
1 5.02914e-08 -1.11759e-08,-1.51177e-05 -1 -1.11757e-08,-299.91 199.864 -700.364,29.9997 -20 30
1 5.02914e-08 -1.11759e-08,-1.51177e-05 -1 -1.11757e-08,-299.91 199.864 -700.364,29.9997 -21 30
1 5.02914e-08 -1.11759e-08,-1.51177e-05 -1 -1.11757e-08,-299.91 199.864 -700.364,29.9997 -22 30
1 5.02914e-08 -1.11759e-08,-1.51177e-05 -1 -1.11757e-08,-299.91 199.864 -700.364,29.9996 -23 30
1 5.02914e-08 -1.11759e-08,-1.51177e-05 -1 -1.11757e-08,-299.91 199.864 -700.364,29.9996 -24 30
1 5.02914e-08 -1.11759e-08,-1.51177e-05 -1 -1.11757e-08,-299.91 199.864 -700.364,29.9996 -25 30
1 5.02914e-08 -1.11759e-08,-1.51177e-05 -1 -1.11757e-08,-299.91 199.864 -700.364,29.9996 -26 30
1 5.02914e-08 -1.11759e-08,-1.51177e-05 -1 -1.11757e-08,-299.91 199.864 -700.364,29.9996 -27 30
1 5.02914e-08 -1.11759e-08,-1.51177e-05 -1 -1.11757e-08,-299.91 199.864 -700.364,29.9996 -28 30
1 5.02914e-08 -1.11759e-08,-1.51177e-05 -1 -1.11757e-08,-299.91 199.864 -700.364,29.9996 -29 30
1 5.02914e-08 -1.11759e-08,-1.51177e-05 -1 -1.11757e-08,-299.91 199.864 -700.364,29.9995 -30 30
